header: 
  seq: 3236
  stamp: 
    secs: 1479518479
    nsecs: 846643000
  frame_id: /left_hand_camera
height: 800
width: 1280
distortion_model: plumb_bob
D: [0.0181107087889, -0.0521257435292, -0.000413578089386, 0.000970901217239, 0.0125426280491]
K: [404.864031743, 0.0, 630.990886129, 0.0, 404.864031743, 442.820007847, 0.0, 0.0, 1.0]
R: [1.0, 0.0, 0.0, 0.0, 1.0, 0.0, 0.0, 0.0, 1.0]
P: [404.864031743, 0.0, 630.990886129, 0.0, 0.0, 404.864031743, 442.820007847, 0.0, 0.0, 0.0, 1.0, 0.0]
binning_x: 1
binning_y: 1
roi: 
  x_offset: 0
  y_offset: 0
  height: 800
  width: 1280
  do_rectify: False
---

